-0.600000	-0.000000	0.000000	0.000006	0.000197	0.001014	0.001606
-0.590000	-0.000000	0.000000	0.000002	0.000161	0.000838	0.001293
-0.580000	-0.000000	-0.000000	-0.000011	0.000034	0.000312	0.000482
-0.570000	-0.000000	-0.000000	-0.000017	-0.000012	0.000147	0.000241
-0.560000	-0.000000	-0.000000	-0.000014	0.000034	0.000392	0.000653
-0.550000	-0.000000	0.000000	-0.000009	0.000098	0.000709	0.001171
-0.540000	-0.000000	-0.000000	-0.000027	-0.000077	-0.000040	-0.000012
-0.530000	-0.000000	-0.000001	-0.000045	-0.000231	-0.000666	-0.000968
-0.520000	-0.000000	-0.000001	-0.000037	-0.000118	-0.000093	-0.000049
-0.510000	-0.000000	-0.000000	-0.000030	-0.000002	0.000521	0.000999
-0.500000	-0.000000	-0.000000	-0.000032	0.000025	0.000768	0.001484
-0.490000	-0.000000	-0.000000	-0.000040	-0.000007	0.000724	0.001418
-0.480000	-0.000000	-0.000000	-0.000047	-0.000011	0.000865	0.001729
-0.470000	-0.000000	-0.000000	-0.000051	0.000023	0.001193	0.002325
-0.460000	-0.000000	-0.000001	-0.000070	-0.000088	0.000862	0.001809
-0.450000	-0.000000	-0.000001	-0.000083	-0.000110	0.001008	0.002140
-0.440000	-0.000000	-0.000001	-0.000088	-0.000025	0.001723	0.003449
-0.430000	-0.000000	-0.000001	-0.000105	-0.000052	0.001956	0.003955
-0.420000	-0.000000	-0.000001	-0.000114	0.000052	0.002838	0.005498
-0.410000	-0.000000	-0.000001	-0.000132	0.000086	0.003517	0.006793
-0.400000	-0.000000	-0.000001	-0.000167	0.000002	0.003765	0.007445
-0.390000	-0.000000	-0.000001	-0.000187	0.000117	0.005013	0.009689
-0.380000	-0.000000	-0.000000	-0.000192	0.000455	0.007391	0.013743
-0.370000	-0.000000	0.000000	-0.000224	0.000586	0.008961	0.016474
-0.360000	-0.000000	0.000000	-0.000254	0.000821	0.011192	0.020312
-0.350000	-0.000000	0.000001	-0.000289	0.001133	0.014003	0.025149
-0.340000	-0.000000	0.000002	-0.000305	0.001729	0.018119	0.031666
-0.330000	-0.000000	0.000002	-0.000380	0.001853	0.020381	0.035260
-0.320000	-0.000000	0.000003	-0.000447	0.002170	0.023427	0.039366
-0.310000	-0.000000	0.000010	-0.000330	0.004695	0.036881	0.060259
-0.300000	-0.000000	0.000013	-0.000350	0.005891	0.044163	0.070334
-0.290000	-0.000000	0.000015	-0.000428	0.006598	0.048706	0.074336
-0.280000	0.000000	0.000016	-0.000533	0.007162	0.052029	0.074543
-0.270000	0.000000	0.000022	-0.000555	0.008718	0.058972	0.078331
-0.260000	0.000000	0.000023	-0.000725	0.008919	0.059208	0.069865
-0.250000	0.000000	0.000019	-0.001055	0.007345	0.049323	0.041153
-0.240000	-0.000000	0.000009	-0.001588	0.003667	0.028226	-0.008461
-0.230000	-0.000000	0.000001	-0.002155	-0.000730	-0.000033	-0.075967
-0.220000	-0.000000	-0.000030	-0.003383	-0.012417	-0.064378	-0.205453
-0.210000	-0.000001	-0.000066	-0.004744	-0.024951	-0.131144	-0.333343
-0.200000	-0.000001	-0.000107	-0.006337	-0.040485	-0.215620	-0.493954
-0.190000	-0.000001	-0.000133	-0.007428	-0.049371	-0.263571	-0.578955
-0.180000	-0.000001	-0.000121	-0.007462	-0.045770	-0.249015	-0.547745
-0.170000	-0.000001	-0.000098	-0.007209	-0.039083	-0.220498	-0.489774
-0.160000	-0.000001	-0.000104	-0.007713	-0.040074	-0.224297	-0.475114
-0.150000	-0.000001	-0.000142	-0.009089	-0.050048	-0.266500	-0.514983
-0.140000	-0.000001	-0.000143	-0.009447	-0.049202	-0.259422	-0.474905
-0.130000	-0.000001	-0.000143	-0.009732	-0.047360	-0.245970	-0.422220
-0.120000	-0.000002	-0.000170	-0.010815	-0.055252	-0.282825	-0.465671
-0.110000	-0.000002	-0.000206	-0.012125	-0.065566	-0.329504	-0.526352
-0.100000	-0.000001	-0.000150	-0.010852	-0.047717	-0.244371	-0.372296
-0.090000	-0.000002	-0.000160	-0.011385	-0.049930	-0.253019	-0.378744
-0.080000	-0.000002	-0.000193	-0.012545	-0.059901	-0.301250	-0.461336
-0.070000	-0.000002	-0.000190	-0.012660	-0.058587	-0.295598	-0.454770
-0.060000	-0.000001	-0.000156	-0.011952	-0.048860	-0.251946	-0.389406
-0.050000	-0.000001	-0.000137	-0.011562	-0.042682	-0.223532	-0.348232
-0.040000	-0.000001	-0.000159	-0.012307	-0.049475	-0.255999	-0.408014
-0.030000	-0.000001	-0.000118	-0.011248	-0.036361	-0.193077	-0.304634
-0.020000	-0.000001	-0.000094	-0.010646	-0.028586	-0.154710	-0.239994
-0.010000	-0.000001	-0.000106	-0.010922	-0.030061	-0.155848	-0.232898
0.000000	-0.000000	-0.000017	-0.008634	-0.006681	-0.056460	-0.086979
0.010000	-0.000001	-0.000106	-0.010922	-0.030061	-0.155848	-0.232898
0.020000	-0.000001	-0.000094	-0.010646	-0.028586	-0.154710	-0.239994
0.030000	-0.000001	-0.000118	-0.011248	-0.036361	-0.193077	-0.304634
0.040000	-0.000001	-0.000159	-0.012307	-0.049475	-0.255999	-0.408014
0.050000	-0.000001	-0.000137	-0.011562	-0.042682	-0.223532	-0.348232
0.060000	-0.000001	-0.000156	-0.011952	-0.048860	-0.251946	-0.389406
0.070000	-0.000002	-0.000190	-0.012660	-0.058587	-0.295598	-0.454770
0.080000	-0.000002	-0.000193	-0.012545	-0.059901	-0.301250	-0.461336
0.090000	-0.000002	-0.000160	-0.011385	-0.049930	-0.253019	-0.378744
0.100000	-0.000001	-0.000150	-0.010852	-0.047717	-0.244371	-0.372296
0.110000	-0.000002	-0.000206	-0.012125	-0.065566	-0.329504	-0.526352
0.120000	-0.000002	-0.000170	-0.010815	-0.055252	-0.282825	-0.465671
0.130000	-0.000001	-0.000143	-0.009732	-0.047360	-0.245970	-0.422220
0.140000	-0.000001	-0.000143	-0.009447	-0.049202	-0.259422	-0.474905
0.150000	-0.000001	-0.000142	-0.009089	-0.050048	-0.266500	-0.514983
0.160000	-0.000001	-0.000104	-0.007713	-0.040074	-0.224297	-0.475114
0.170000	-0.000001	-0.000098	-0.007209	-0.039083	-0.220498	-0.489774
0.180000	-0.000001	-0.000121	-0.007462	-0.045770	-0.249015	-0.547745
0.190000	-0.000001	-0.000133	-0.007428	-0.049371	-0.263571	-0.578955
0.200000	-0.000001	-0.000107	-0.006337	-0.040485	-0.215620	-0.493954
0.210000	-0.000001	-0.000066	-0.004744	-0.024951	-0.131144	-0.333343
0.220000	-0.000000	-0.000030	-0.003383	-0.012417	-0.064378	-0.205453
0.230000	-0.000000	0.000001	-0.002155	-0.000730	-0.000033	-0.075967
0.240000	-0.000000	0.000009	-0.001588	0.003667	0.028226	-0.008461
0.250000	0.000000	0.000019	-0.001055	0.007345	0.049323	0.041153
0.260000	0.000000	0.000023	-0.000725	0.008919	0.059208	0.069865
0.270000	0.000000	0.000022	-0.000555	0.008718	0.058972	0.078331
0.280000	0.000000	0.000016	-0.000533	0.007162	0.052029	0.074543
0.290000	-0.000000	0.000015	-0.000428	0.006598	0.048706	0.074336
0.300000	-0.000000	0.000013	-0.000350	0.005891	0.044163	0.070334
0.310000	-0.000000	0.000010	-0.000330	0.004695	0.036881	0.060259
0.320000	-0.000000	0.000003	-0.000447	0.002170	0.023427	0.039366
0.330000	-0.000000	0.000002	-0.000380	0.001853	0.020381	0.035260
0.340000	-0.000000	0.000002	-0.000305	0.001729	0.018119	0.031666
0.350000	-0.000000	0.000001	-0.000289	0.001133	0.014003	0.025149
0.360000	-0.000000	0.000000	-0.000254	0.000821	0.011192	0.020312
0.370000	-0.000000	0.000000	-0.000224	0.000586	0.008961	0.016474
0.380000	-0.000000	-0.000000	-0.000192	0.000455	0.007391	0.013743
0.390000	-0.000000	-0.000001	-0.000187	0.000117	0.005013	0.009689
0.400000	-0.000000	-0.000001	-0.000167	0.000002	0.003765	0.007445
0.410000	-0.000000	-0.000001	-0.000132	0.000086	0.003517	0.006793
0.420000	-0.000000	-0.000001	-0.000114	0.000052	0.002838	0.005498
0.430000	-0.000000	-0.000001	-0.000105	-0.000052	0.001956	0.003955
0.440000	-0.000000	-0.000001	-0.000088	-0.000025	0.001723	0.003449
0.450000	-0.000000	-0.000001	-0.000083	-0.000110	0.001008	0.002140
0.460000	-0.000000	-0.000001	-0.000070	-0.000088	0.000862	0.001809
0.470000	-0.000000	-0.000000	-0.000051	0.000023	0.001193	0.002325
0.480000	-0.000000	-0.000000	-0.000047	-0.000011	0.000865	0.001729
0.490000	-0.000000	-0.000000	-0.000040	-0.000007	0.000724	0.001418
0.500000	-0.000000	-0.000000	-0.000032	0.000025	0.000768	0.001484
0.510000	-0.000000	-0.000000	-0.000030	-0.000002	0.000521	0.000999
0.520000	-0.000000	-0.000001	-0.000037	-0.000118	-0.000093	-0.000049
0.530000	-0.000000	-0.000001	-0.000045	-0.000231	-0.000666	-0.000968
0.540000	-0.000000	-0.000000	-0.000027	-0.000077	-0.000040	-0.000012
0.550000	-0.000000	0.000000	-0.000009	0.000098	0.000709	0.001171
0.560000	-0.000000	-0.000000	-0.000014	0.000034	0.000392	0.000653
0.570000	-0.000000	-0.000000	-0.000017	-0.000012	0.000147	0.000241
0.580000	-0.000000	-0.000000	-0.000011	0.000034	0.000312	0.000482
0.590000	-0.000000	0.000000	0.000002	0.000161	0.000838	0.001293
0.600000	-0.000000	0.000000	0.000006	0.000197	0.001014	0.001606
