-0.600000	0.000000	-0.000141	0.000118	-0.003417	0.059419	-0.266049
-0.590000	0.000000	-0.000148	0.000021	-0.000683	0.029803	-0.145823
-0.580000	0.000000	-0.000165	0.000392	-0.007331	0.088123	-0.342986
-0.570000	0.000000	-0.000160	-0.000513	0.012263	-0.097155	0.307149
-0.560000	-0.000000	-0.000181	-0.000102	0.004800	-0.037740	0.152579
-0.550000	-0.000000	-0.000196	0.000178	-0.002803	0.050263	-0.206153
-0.540000	-0.000000	-0.000195	-0.001152	0.030691	-0.299837	1.104262
-0.530000	0.000000	-0.000245	0.000950	-0.019762	0.217022	-0.769413
-0.520000	-0.000000	-0.000258	0.000431	-0.009765	0.145795	-0.593733
-0.510000	0.000000	-0.000278	-0.000084	0.001067	0.063570	-0.373658
-0.500000	-0.000000	-0.000294	-0.000967	0.030034	-0.292445	1.109402
-0.490000	0.000000	-0.000342	-0.000011	0.005002	-0.010398	0.015366
-0.480000	0.000000	-0.000382	0.000019	0.004886	-0.002227	-0.018937
-0.470000	0.000000	-0.000427	0.000037	0.005159	0.003287	-0.045114
-0.460000	-0.000000	-0.000478	-0.000013	0.007220	-0.008226	-0.010102
-0.450000	0.000000	-0.000539	0.000028	0.007259	0.002404	-0.057701
-0.440000	0.000000	-0.000607	-0.000003	0.009267	-0.005799	-0.035067
-0.430000	0.000000	-0.000687	-0.000012	0.010829	-0.006001	-0.047135
-0.420000	0.000000	-0.000779	-0.000007	0.012181	-0.000942	-0.080601
-0.410000	-0.000000	-0.000886	-0.000023	0.014770	-0.008854	-0.061645
-0.400000	0.000000	-0.001010	0.000006	0.016622	-0.005042	-0.090838
-0.390000	-0.000000	-0.001153	-0.000049	0.020840	-0.021960	-0.044352
-0.380000	-0.000000	-0.001320	-0.000062	0.024149	-0.021618	-0.073789
-0.370000	-0.000000	-0.001512	-0.000115	0.029315	-0.039195	-0.027227
-0.360000	-0.000000	-0.001738	-0.000045	0.031640	-0.018600	-0.130228
-0.350000	-0.000000	-0.002001	0.000153	0.031120	0.038432	-0.365676
-0.340000	0.000000	-0.002302	0.000011	0.040766	-0.006548	-0.222426
-0.330000	0.000000	-0.002655	0.000152	0.043017	0.040487	-0.433834
-0.320000	-0.000000	-0.003061	0.000103	0.050646	0.041764	-0.476337
-0.310000	0.000000	-0.003534	0.000102	0.058819	0.045870	-0.532566
-0.300000	-0.000000	-0.004083	0.000223	0.064829	0.078779	-0.664212
-0.290000	-0.000000	-0.004715	0.000187	0.076103	0.067621	-0.635892
-0.280000	0.000000	-0.005446	0.000177	0.086916	0.079103	-0.693443
-0.270000	0.000000	-0.006290	0.000525	0.088127	0.204780	-1.146353
-0.260000	0.000000	-0.007254	0.000278	0.107795	0.131771	-0.808267
-0.250000	-0.000000	-0.008351	-0.000391	0.138740	-0.061739	0.042442
-0.240000	-0.000000	-0.009618	0.000159	0.135453	0.126319	-0.505284
-0.230000	-0.000000	-0.011054	0.000771	0.129033	0.339694	-1.041190
-0.220000	0.000000	-0.012676	0.001459	0.121829	0.522204	-1.293810
-0.210000	0.000000	-0.014488	0.001491	0.128173	0.556090	-0.960054
-0.200000	0.000000	-0.016496	0.001116	0.141094	0.465217	0.022002
-0.190000	0.000000	-0.018725	0.000843	0.153888	0.292687	1.474225
-0.180000	0.000000	-0.021172	0.002304	0.101685	0.796326	0.488148
-0.170000	-0.000000	-0.023793	0.000705	0.138266	0.182697	3.865354
-0.160000	-0.000000	-0.026602	-0.000395	0.149988	-0.240594	6.525197
-0.150000	-0.000000	-0.029574	-0.002105	0.182134	-1.070568	10.850346
-0.140000	-0.000000	-0.032701	-0.001338	0.134783	-1.071721	11.640890
-0.130000	-0.000000	-0.035905	-0.001993	0.124473	-1.543173	13.768205
-0.120000	-0.000000	-0.039129	-0.003713	0.134358	-2.272283	16.425502
-0.110000	-0.000000	-0.042342	-0.005674	0.150818	-3.084105	18.830395
-0.100000	-0.000000	-0.045485	-0.007409	0.151375	-3.609993	19.246373
-0.090000	-0.000000	-0.048544	-0.005884	0.063282	-3.115340	15.285970
-0.080000	-0.000000	-0.051402	-0.006557	0.042410	-3.357926	13.958106
-0.070000	-0.000000	-0.054038	-0.006657	0.004286	-3.290637	10.976105
-0.060000	-0.000000	-0.056407	-0.006792	-0.022565	-3.315738	8.282899
-0.050000	-0.000000	-0.058485	-0.005873	-0.070826	-3.024285	4.317058
-0.040000	-0.000000	-0.060198	-0.006864	-0.064819	-3.271800	2.660388
-0.030000	-0.000000	-0.061548	-0.007967	-0.051663	-3.508227	1.155702
-0.020000	-0.000000	-0.062553	-0.006168	-0.116919	-2.812670	-3.449490
-0.010000	-0.000000	-0.063150	-0.006113	-0.122950	-2.803119	-4.560124
0.000000	-0.000000	-0.063318	-0.008284	-0.071376	-3.305838	-3.327260
0.010000	-0.000000	-0.063150	-0.006113	-0.122950	-2.803119	-4.560124
0.020000	-0.000000	-0.062553	-0.006168	-0.116919	-2.812670	-3.449490
0.030000	-0.000000	-0.061548	-0.007967	-0.051663	-3.508227	1.155702
0.040000	-0.000000	-0.060198	-0.006864	-0.064819	-3.271800	2.660388
0.050000	-0.000000	-0.058485	-0.005873	-0.070826	-3.024285	4.317058
0.060000	-0.000000	-0.056407	-0.006792	-0.022565	-3.315738	8.282899
0.070000	-0.000000	-0.054038	-0.006657	0.004286	-3.290637	10.976105
0.080000	-0.000000	-0.051402	-0.006557	0.042410	-3.357926	13.958106
0.090000	-0.000000	-0.048544	-0.005884	0.063282	-3.115340	15.285970
0.100000	-0.000000	-0.045485	-0.007409	0.151375	-3.609993	19.246373
0.110000	-0.000000	-0.042342	-0.005674	0.150818	-3.084105	18.830395
0.120000	-0.000000	-0.039129	-0.003713	0.134358	-2.272283	16.425502
0.130000	-0.000000	-0.035905	-0.001993	0.124473	-1.543173	13.768205
0.140000	-0.000000	-0.032701	-0.001338	0.134783	-1.071721	11.640890
0.150000	-0.000000	-0.029574	-0.002105	0.182134	-1.070568	10.850346
0.160000	-0.000000	-0.026602	-0.000395	0.149988	-0.240594	6.525197
0.170000	-0.000000	-0.023793	0.000705	0.138266	0.182697	3.865354
0.180000	0.000000	-0.021172	0.002304	0.101685	0.796326	0.488148
0.190000	0.000000	-0.018725	0.000843	0.153888	0.292687	1.474225
0.200000	0.000000	-0.016496	0.001116	0.141094	0.465217	0.022002
0.210000	0.000000	-0.014488	0.001491	0.128173	0.556090	-0.960054
0.220000	0.000000	-0.012676	0.001459	0.121829	0.522204	-1.293810
0.230000	-0.000000	-0.011054	0.000771	0.129033	0.339694	-1.041190
0.240000	-0.000000	-0.009618	0.000159	0.135453	0.126319	-0.505284
0.250000	-0.000000	-0.008351	-0.000391	0.138740	-0.061739	0.042442
0.260000	0.000000	-0.007254	0.000278	0.107795	0.131771	-0.808267
0.270000	0.000000	-0.006290	0.000525	0.088127	0.204780	-1.146353
0.280000	0.000000	-0.005446	0.000177	0.086916	0.079103	-0.693443
0.290000	-0.000000	-0.004715	0.000187	0.076103	0.067621	-0.635892
0.300000	-0.000000	-0.004083	0.000223	0.064829	0.078779	-0.664212
0.310000	0.000000	-0.003534	0.000102	0.058819	0.045870	-0.532566
0.320000	-0.000000	-0.003061	0.000103	0.050646	0.041764	-0.476337
0.330000	0.000000	-0.002655	0.000152	0.043017	0.040487	-0.433834
0.340000	0.000000	-0.002302	0.000011	0.040766	-0.006548	-0.222426
0.350000	-0.000000	-0.002001	0.000153	0.031120	0.038432	-0.365676
0.360000	-0.000000	-0.001738	-0.000045	0.031640	-0.018600	-0.130228
0.370000	-0.000000	-0.001512	-0.000115	0.029315	-0.039195	-0.027227
0.380000	-0.000000	-0.001320	-0.000062	0.024149	-0.021618	-0.073789
0.390000	-0.000000	-0.001153	-0.000049	0.020840	-0.021960	-0.044352
0.400000	0.000000	-0.001010	0.000006	0.016622	-0.005042	-0.090838
0.410000	-0.000000	-0.000886	-0.000023	0.014770	-0.008854	-0.061645
0.420000	0.000000	-0.000779	-0.000007	0.012181	-0.000942	-0.080601
0.430000	0.000000	-0.000687	-0.000012	0.010829	-0.006001	-0.047135
0.440000	0.000000	-0.000607	-0.000003	0.009267	-0.005799	-0.035067
0.450000	0.000000	-0.000539	0.000028	0.007259	0.002404	-0.057701
0.460000	-0.000000	-0.000478	-0.000013	0.007220	-0.008226	-0.010102
0.470000	0.000000	-0.000427	0.000037	0.005159	0.003287	-0.045114
0.480000	0.000000	-0.000382	0.000019	0.004886	-0.002227	-0.018937
0.490000	0.000000	-0.000342	-0.000011	0.005002	-0.010398	0.015366
0.500000	-0.000000	-0.000294	-0.000967	0.030034	-0.292445	1.109402
0.510000	0.000000	-0.000278	-0.000084	0.001067	0.063570	-0.373658
0.520000	-0.000000	-0.000258	0.000431	-0.009765	0.145795	-0.593733
0.530000	0.000000	-0.000245	0.000950	-0.019762	0.217022	-0.769413
0.540000	-0.000000	-0.000195	-0.001152	0.030691	-0.299837	1.104262
0.550000	-0.000000	-0.000196	0.000178	-0.002803	0.050263	-0.206153
0.560000	-0.000000	-0.000181	-0.000102	0.004800	-0.037740	0.152579
0.570000	0.000000	-0.000160	-0.000513	0.012263	-0.097155	0.307149
0.580000	0.000000	-0.000165	0.000392	-0.007331	0.088123	-0.342986
0.590000	0.000000	-0.000148	0.000021	-0.000683	0.029803	-0.145823
0.600000	0.000000	-0.000141	0.000118	-0.003417	0.059419	-0.266049
