-0.500000	0.000001	-0.002587	-0.000563	0.060153	-0.127827	-0.010764
-0.490000	0.000001	-0.002983	-0.000233	0.065299	-0.117462	-0.085052
-0.480000	0.000001	-0.003417	-0.001023	0.088129	-0.201943	0.022212
-0.470000	0.000001	-0.003949	-0.000991	0.098817	-0.190713	-0.106166
-0.460000	0.000001	-0.004586	-0.000863	0.116835	-0.240901	-0.075406
-0.450000	0.000001	-0.005313	-0.001207	0.140304	-0.295320	-0.068503
-0.440000	0.000001	-0.006227	0.000250	0.141315	-0.192622	-0.426841
-0.430000	0.000001	-0.007223	-0.001653	0.198304	-0.413513	-0.127675
-0.420000	0.000001	-0.008397	-0.004350	0.269653	-0.683715	0.225323
-0.410000	0.000001	-0.009875	-0.003451	0.292388	-0.622607	-0.178235
-0.400000	0.000000	-0.011598	-0.002515	0.317818	-0.561198	-0.558453
-0.390000	0.000001	-0.013667	-0.002831	0.382595	-0.729017	-0.482383
-0.380000	0.000003	-0.016186	-0.001475	0.431863	-0.742169	-0.816126
-0.370000	0.000001	-0.018859	-0.010160	0.629723	-1.576161	0.481871
-0.360000	0.000002	-0.022622	0.008378	0.397253	0.356201	-4.198488
-0.350000	-0.000001	-0.026177	-0.004008	0.621510	-0.398565	-3.275439
-0.340000	-0.000000	-0.030795	-0.009245	0.789307	-0.857841	-2.907312
-0.330000	-0.000002	-0.036143	-0.008639	0.839091	-0.477501	-4.376430
-0.320000	-0.000004	-0.042108	-0.022780	1.131937	-1.636916	-2.327883
-0.310000	-0.000005	-0.049592	-0.014809	1.082473	-0.547360	-5.354967
-0.300000	-0.000002	-0.058315	-0.000328	0.945336	0.683620	-7.476210
-0.290000	-0.000006	-0.067220	-0.023206	1.318368	-0.963029	-4.006161
-0.280000	-0.000004	-0.078142	-0.027281	1.483232	-1.713484	-1.929429
-0.270000	-0.000010	-0.090087	-0.016896	1.242067	0.392786	-6.491174
-0.260000	-0.000012	-0.103645	-0.006018	1.010545	2.194505	-10.237402
-0.250000	0.000002	-0.119226	0.012861	0.640213	5.028352	-17.293665
-0.240000	-0.000003	-0.135965	0.055869	-0.078869	8.632876	-23.167930
-0.230000	0.000004	-0.154933	0.121892	-1.128714	14.231788	-34.236334
-0.220000	0.000007	-0.172482	0.081480	-0.626639	10.082780	-24.552699
-0.210000	0.000002	-0.190457	0.027470	0.065216	4.232907	-10.461038
-0.200000	-0.000008	-0.210043	0.015710	0.003057	3.406515	-8.351297
-0.190000	-0.000005	-0.231488	0.048770	-0.651165	5.656690	-12.224346
-0.180000	0.000005	-0.253588	0.108027	-1.793941	11.423067	-25.016261
-0.170000	0.000006	-0.273970	0.083223	-1.347490	5.502853	-9.029396
-0.160000	-0.000001	-0.292233	0.020330	-0.933312	2.933099	-5.186948
-0.150000	0.000000	-0.311985	0.017200	-0.910697	0.635027	1.834365
-0.140000	-0.000005	-0.329599	-0.025681	-0.530774	-2.373279	8.823751
-0.130000	-0.000005	-0.347723	0.002325	-1.186906	1.192720	2.060121
-0.120000	-0.000007	-0.363584	-0.010037	-1.205397	1.006385	3.881528
-0.110000	-0.000005	-0.378537	-0.018115	-1.124430	0.208081	7.009304
-0.100000	-0.000004	-0.393173	0.033605	-1.965122	5.482840	-3.078052
-0.090000	0.000007	-0.407148	0.118562	-3.300264	14.225706	-21.231006
-0.080000	0.000008	-0.417167	0.092338	-2.866269	12.048715	-16.143566
-0.070000	0.000002	-0.425983	0.092875	-2.917979	13.310789	-19.217185
-0.060000	0.000000	-0.433546	0.091756	-2.877076	13.799483	-20.334226
-0.050000	0.000002	-0.439896	0.098089	-2.975563	15.273721	-23.944821
-0.040000	0.000003	-0.445014	0.102190	-2.973784	15.784026	-25.229496
-0.030000	0.000005	-0.449089	0.110627	-3.039372	16.729393	-27.898232
-0.020000	0.000003	-0.451270	0.092800	-2.769521	15.610366	-26.168776
-0.010000	0.000003	-0.452855	0.094710	-2.733623	15.316346	-25.086695
0.000000	0.000002	-0.452916	0.070066	-2.309798	12.440277	-18.043008
0.010000	0.000003	-0.452855	0.094710	-2.733623	15.316346	-25.086695
0.020000	0.000003	-0.451270	0.092800	-2.769521	15.610366	-26.168776
0.030000	0.000005	-0.449089	0.110627	-3.039372	16.729393	-27.898232
0.040000	0.000003	-0.445014	0.102190	-2.973784	15.784026	-25.229496
0.050000	0.000002	-0.439896	0.098089	-2.975563	15.273721	-23.944821
0.060000	0.000000	-0.433546	0.091756	-2.877076	13.799483	-20.334226
0.070000	0.000002	-0.425983	0.092875	-2.917979	13.310789	-19.217185
0.080000	0.000008	-0.417167	0.092338	-2.866269	12.048715	-16.143566
0.090000	0.000007	-0.407148	0.118562	-3.300264	14.225706	-21.231006
0.100000	-0.000004	-0.393173	0.033605	-1.965122	5.482840	-3.078052
0.110000	-0.000005	-0.378537	-0.018115	-1.124430	0.208081	7.009304
0.120000	-0.000007	-0.363584	-0.010037	-1.205397	1.006385	3.881528
0.130000	-0.000005	-0.347723	0.002325	-1.186906	1.192720	2.060121
0.140000	-0.000005	-0.329599	-0.025681	-0.530774	-2.373279	8.823751
0.150000	0.000000	-0.311985	0.017200	-0.910697	0.635027	1.834365
0.160000	-0.000001	-0.292233	0.020330	-0.933312	2.933099	-5.186948
0.170000	0.000006	-0.273970	0.083223	-1.347490	5.502853	-9.029396
0.180000	0.000005	-0.253588	0.108027	-1.793941	11.423067	-25.016261
0.190000	-0.000005	-0.231488	0.048770	-0.651165	5.656690	-12.224346
0.200000	-0.000008	-0.210043	0.015710	0.003057	3.406515	-8.351297
0.210000	0.000002	-0.190457	0.027470	0.065216	4.232907	-10.461038
0.220000	0.000007	-0.172482	0.081480	-0.626639	10.082780	-24.552699
0.230000	0.000004	-0.154933	0.121892	-1.128714	14.231788	-34.236334
0.240000	-0.000003	-0.135965	0.055869	-0.078869	8.632876	-23.167930
0.250000	0.000002	-0.119226	0.012861	0.640213	5.028352	-17.293665
0.260000	-0.000012	-0.103645	-0.006018	1.010545	2.194505	-10.237402
0.270000	-0.000010	-0.090087	-0.016896	1.242067	0.392786	-6.491174
0.280000	-0.000004	-0.078142	-0.027281	1.483232	-1.713484	-1.929429
0.290000	-0.000006	-0.067220	-0.023206	1.318368	-0.963029	-4.006161
0.300000	-0.000002	-0.058315	-0.000328	0.945336	0.683620	-7.476210
0.310000	-0.000005	-0.049592	-0.014809	1.082473	-0.547360	-5.354967
0.320000	-0.000004	-0.042108	-0.022780	1.131937	-1.636916	-2.327883
0.330000	-0.000002	-0.036143	-0.008639	0.839091	-0.477501	-4.376430
0.340000	-0.000000	-0.030795	-0.009245	0.789307	-0.857841	-2.907312
0.350000	-0.000001	-0.026177	-0.004008	0.621510	-0.398565	-3.275439
0.360000	0.000002	-0.022622	0.008378	0.397253	0.356201	-4.198488
0.370000	0.000001	-0.018859	-0.010160	0.629723	-1.576161	0.481871
0.380000	0.000003	-0.016186	-0.001475	0.431863	-0.742169	-0.816126
0.390000	0.000001	-0.013667	-0.002831	0.382595	-0.729017	-0.482383
0.400000	0.000000	-0.011598	-0.002515	0.317818	-0.561198	-0.558453
0.410000	0.000001	-0.009875	-0.003451	0.292388	-0.622607	-0.178235
0.420000	0.000001	-0.008397	-0.004350	0.269653	-0.683715	0.225323
0.430000	0.000001	-0.007223	-0.001653	0.198304	-0.413513	-0.127675
0.440000	0.000001	-0.006227	0.000250	0.141315	-0.192622	-0.426841
0.450000	0.000001	-0.005313	-0.001207	0.140304	-0.295320	-0.068503
0.460000	0.000001	-0.004586	-0.000863	0.116835	-0.240901	-0.075406
0.470000	0.000001	-0.003949	-0.000991	0.098817	-0.190713	-0.106166
0.480000	0.000001	-0.003417	-0.001023	0.088129	-0.201943	0.022212
0.490000	0.000001	-0.002983	-0.000233	0.065299	-0.117462	-0.085052
0.500000	0.000001	-0.002587	-0.000563	0.060153	-0.127827	-0.010764
