-0.450000	-0.000000	-0.000063	-0.000111	0.021135	-0.067025	-0.032933
-0.440000	-0.000000	-0.000143	-0.000143	0.028349	-0.094399	-0.029530
-0.430000	-0.000000	-0.000249	-0.000229	0.039079	-0.140431	0.000294
-0.420000	-0.000000	-0.000393	-0.000308	0.052966	-0.197896	0.022182
-0.410000	-0.000000	-0.000586	-0.000437	0.072608	-0.284239	0.073878
-0.400000	-0.000000	-0.000844	-0.000785	0.104308	-0.452758	0.313193
-0.390000	-0.000000	-0.001196	-0.000912	0.138890	-0.593505	0.315223
-0.380000	-0.000000	-0.001671	-0.001330	0.193336	-0.857220	0.545373
-0.370000	-0.000000	-0.002318	-0.001886	0.268429	-1.221476	0.847898
-0.360000	-0.000000	-0.003198	-0.002701	0.373547	-1.735947	1.278702
-0.350000	-0.000000	-0.004402	-0.003826	0.517846	-2.429047	1.777718
-0.340000	-0.000000	-0.006051	-0.005331	0.713217	-3.334765	2.261913
-0.330000	-0.000000	-0.008314	-0.007283	0.972111	-4.456312	2.479784
-0.320000	-0.000000	-0.011415	-0.009644	1.303504	-5.722770	1.888042
-0.310000	-0.000000	-0.015654	-0.012154	1.706969	-6.934927	-0.469407
-0.300000	-0.000000	-0.021418	-0.014270	2.166542	-7.732651	-5.930669
-0.290000	-0.000000	-0.029184	-0.015101	2.643732	-7.599212	-15.955311
-0.280000	-0.000000	-0.039516	-0.013574	3.078928	-6.012580	-31.299910
-0.270000	-0.000000	-0.053028	-0.009058	3.407837	-2.774111	-50.766889
-0.260000	-0.000000	-0.070324	-0.002058	3.583582	1.680603	-70.563844
-0.250000	0.000000	-0.091913	0.005839	3.579411	6.375398	-85.689476
-0.240000	0.000000	-0.118115	0.012661	3.377619	10.203241	-92.170550
-0.230000	0.000000	-0.148961	0.016810	2.964728	12.270418	-87.798451
-0.220000	0.000000	-0.184113	0.017127	2.352615	11.864691	-70.844515
-0.210000	0.000000	-0.222825	0.012975	1.585293	8.633687	-40.938673
-0.200000	0.000000	-0.263978	0.005242	0.706189	3.179697	-2.616121
-0.190000	-0.000000	-0.306173	-0.003598	-0.255083	-2.841164	34.459460
-0.180000	-0.000000	-0.347879	-0.010226	-1.265991	-7.449851	61.042565
-0.170000	-0.000000	-0.387592	-0.013121	-2.228148	-9.754118	75.875236
-0.160000	-0.000000	-0.424018	-0.012530	-3.011629	-9.937724	83.618556
-0.150000	-0.000000	-0.456229	-0.008761	-3.545990	-8.205739	86.212477
-0.140000	0.000000	-0.483736	-0.002028	-3.837044	-4.596317	80.836300
-0.130000	0.000000	-0.506460	0.006210	-3.903330	0.211950	66.271601
-0.120000	0.000000	-0.524658	0.013428	-3.751052	4.836190	46.366184
-0.110000	0.000000	-0.538823	0.017774	-3.408072	8.096909	26.802831
-0.100000	0.000000	-0.549579	0.019001	-2.938903	9.603489	11.381591
-0.090000	0.000000	-0.557573	0.017859	-2.420653	9.614025	1.204210
-0.080000	0.000000	-0.563407	0.015399	-1.918757	8.662734	-4.424056
-0.070000	0.000000	-0.567597	0.012455	-1.473430	7.247440	-6.773794
-0.060000	0.000000	-0.570565	0.009591	-1.103442	5.740523	-7.131505
-0.050000	0.000000	-0.572637	0.007116	-0.812102	4.371361	-6.508627
-0.040000	0.000000	-0.574058	0.005180	-0.594435	3.261207	-5.612270
-0.030000	0.000000	-0.575007	0.003792	-0.440652	2.441211	-4.809694
-0.020000	0.000000	-0.575605	0.002876	-0.339759	1.890943	-4.229990
-0.010000	0.000000	-0.575935	0.002363	-0.282998	1.578279	-3.893296
0.000000	0.000000	-0.576039	0.002191	-0.264521	1.475333	-3.777796
0.010000	0.000000	-0.575935	0.002363	-0.282998	1.578279	-3.893296
0.020000	0.000000	-0.575605	0.002876	-0.339759	1.890943	-4.229990
0.030000	0.000000	-0.575007	0.003792	-0.440652	2.441211	-4.809694
0.040000	0.000000	-0.574058	0.005180	-0.594435	3.261207	-5.612270
0.050000	0.000000	-0.572637	0.007116	-0.812102	4.371361	-6.508627
0.060000	0.000000	-0.570565	0.009591	-1.103442	5.740523	-7.131505
0.070000	0.000000	-0.567597	0.012455	-1.473430	7.247440	-6.773794
0.080000	0.000000	-0.563407	0.015399	-1.918757	8.662734	-4.424056
0.090000	0.000000	-0.557573	0.017859	-2.420653	9.614025	1.204210
0.100000	0.000000	-0.549579	0.019001	-2.938903	9.603489	11.381591
0.110000	0.000000	-0.538823	0.017774	-3.408072	8.096909	26.802831
0.120000	0.000000	-0.524658	0.013428	-3.751052	4.836190	46.366184
0.130000	0.000000	-0.506460	0.006210	-3.903330	0.211950	66.271601
0.140000	0.000000	-0.483736	-0.002028	-3.837044	-4.596317	80.836300
0.150000	-0.000000	-0.456229	-0.008761	-3.545990	-8.205739	86.212477
0.160000	-0.000000	-0.424018	-0.012530	-3.011629	-9.937724	83.618556
0.170000	-0.000000	-0.387592	-0.013121	-2.228148	-9.754118	75.875236
0.180000	-0.000000	-0.347879	-0.010226	-1.265991	-7.449851	61.042565
0.190000	-0.000000	-0.306173	-0.003598	-0.255083	-2.841164	34.459460
0.200000	0.000000	-0.263978	0.005242	0.706189	3.179697	-2.616121
0.210000	0.000000	-0.222825	0.012975	1.585293	8.633687	-40.938673
0.220000	0.000000	-0.184113	0.017127	2.352615	11.864691	-70.844515
0.230000	0.000000	-0.148961	0.016810	2.964728	12.270418	-87.798451
0.240000	0.000000	-0.118115	0.012661	3.377619	10.203241	-92.170550
0.250000	0.000000	-0.091913	0.005839	3.579411	6.375398	-85.689476
0.260000	-0.000000	-0.070324	-0.002058	3.583582	1.680603	-70.563844
0.270000	-0.000000	-0.053028	-0.009058	3.407837	-2.774111	-50.766889
0.280000	-0.000000	-0.039516	-0.013574	3.078928	-6.012580	-31.299910
0.290000	-0.000000	-0.029184	-0.015101	2.643732	-7.599212	-15.955311
0.300000	-0.000000	-0.021418	-0.014270	2.166542	-7.732651	-5.930669
0.310000	-0.000000	-0.015654	-0.012154	1.706969	-6.934927	-0.469407
0.320000	-0.000000	-0.011415	-0.009644	1.303504	-5.722770	1.888042
0.330000	-0.000000	-0.008314	-0.007283	0.972111	-4.456312	2.479784
0.340000	-0.000000	-0.006051	-0.005331	0.713217	-3.334765	2.261913
0.350000	-0.000000	-0.004402	-0.003826	0.517846	-2.429047	1.777718
0.360000	-0.000000	-0.003198	-0.002701	0.373547	-1.735947	1.278702
0.370000	-0.000000	-0.002318	-0.001886	0.268429	-1.221476	0.847898
0.380000	-0.000000	-0.001671	-0.001330	0.193336	-0.857220	0.545373
0.390000	-0.000000	-0.001196	-0.000912	0.138890	-0.593505	0.315223
0.400000	-0.000000	-0.000844	-0.000785	0.104308	-0.452758	0.313193
0.410000	-0.000000	-0.000586	-0.000437	0.072608	-0.284239	0.073878
0.420000	-0.000000	-0.000393	-0.000308	0.052966	-0.197896	0.022182
0.430000	-0.000000	-0.000249	-0.000229	0.039079	-0.140431	0.000294
0.440000	-0.000000	-0.000143	-0.000143	0.028349	-0.094399	-0.029530
0.450000	-0.000000	-0.000063	-0.000111	0.021135	-0.067025	-0.032933
